GIMP Palette
255 255 255 color 0
255 255 204 color 1
255 255 153 color 2
255 255 102 color 3
255 255 51 color 4
255 255 0 color 5
255 204 255 color 6
255 204 204 color 7
255 204 153 color 8
255 204 102 color 9
255 204 51 color 10
255 204 0 color 11
255 153 255 color 12
255 153 204 color 13
255 153 153 color 14
255 153 102 color 15
255 153 51 color 16
255 153 0 color 17
255 102 255 color 18
255 102 204 color 19
255 102 153 color 20
255 102 102 color 21
255 102 51 color 22
255 102 0 color 23
255 51 255 color 24
255 51 204 color 25
255 51 153 color 26
255 51 102 color 27
255 51 51 color 28
255 51 0 color 29
255 0 255 color 30
255 0 204 color 31
255 0 153 color 32
255 0 102 color 33
255 0 51 color 34
255 0 0 color 35
204 255 255 color 36
204 255 204 color 37
204 255 153 color 38
204 255 102 color 39
204 255 51 color 40
204 255 0 color 41
204 204 255 color 42
204 204 204 color 43
204 204 153 color 44
204 204 102 color 45
204 204 51 color 46
204 204 0 color 47
204 153 255 color 48
204 153 204 color 49
204 153 153 color 50
204 153 102 color 51
204 153 51 color 52
204 153 0 color 53
204 102 255 color 54
204 102 204 color 55
204 102 153 color 56
204 102 102 color 57
204 102 51 color 58
204 102 0 color 59
204 51 255 color 60
204 51 204 color 61
204 51 153 color 62
204 51 102 color 63
204 51 51 color 64
204 51 0 color 65
204 0 255 color 66
204 0 204 color 67
204 0 153 color 68
204 0 102 color 69
204 0 51 color 70
204 0 0 color 71
153 255 255 color 72
153 255 204 color 73
153 255 153 color 74
153 255 102 color 75
153 255 51 color 76
153 255 0 color 77
153 204 255 color 78
153 204 204 color 79
153 204 153 color 80
153 204 102 color 81
153 204 51 color 82
153 204 0 color 83
153 153 255 color 84
153 153 204 color 85
153 153 153 color 86
153 153 102 color 87
153 153 51 color 88
153 153 0 color 89
153 102 255 color 90
153 102 204 color 91
153 102 153 color 92
153 102 102 color 93
153 102 51 color 94
153 102 0 color 95
153 51 255 color 96
153 51 204 color 97
153 51 153 color 98
153 51 102 color 99
153 51 51 color 100
153 51 0 color 101
153 0 255 color 102
153 0 204 color 103
153 0 153 color 104
153 0 102 color 105
153 0 51 color 106
153 0 0 color 107
102 255 255 color 108
102 255 204 color 109
102 255 153 color 110
102 255 102 color 111
102 255 51 color 112
102 255 0 color 113
102 204 255 color 114
102 204 204 color 115
102 204 153 color 116
102 204 102 color 117
102 204 51 color 118
102 204 0 color 119
102 153 255 color 120
102 153 204 color 121
102 153 153 color 122
102 153 102 color 123
102 153 51 color 124
102 153 0 color 125
102 102 255 color 126
102 102 204 color 127
102 102 153 color 128
102 102 102 color 129
102 102 51 color 130
102 102 0 color 131
102 51 255 color 132
102 51 204 color 133
102 51 153 color 134
102 51 102 color 135
102 51 51 color 136
102 51 0 color 137
102 0 255 color 138
102 0 204 color 139
102 0 153 color 140
102 0 102 color 141
102 0 51 color 142
102 0 0 color 143
51 255 255 color 144
51 255 204 color 145
51 255 153 color 146
51 255 102 color 147
51 255 51 color 148
51 255 0 color 149
51 204 255 color 150
51 204 204 color 151
51 204 153 color 152
51 204 102 color 153
51 204 51 color 154
51 204 0 color 155
51 153 255 color 156
51 153 204 color 157
51 153 153 color 158
51 153 102 color 159
51 153 51 color 160
51 153 0 color 161
51 102 255 color 162
51 102 204 color 163
51 102 153 color 164
51 102 102 color 165
51 102 51 color 166
51 102 0 color 167
51 51 255 color 168
51 51 204 color 169
51 51 153 color 170
51 51 102 color 171
51 51 51 color 172
51 51 0 color 173
51 0 255 color 174
51 0 204 color 175
51 0 153 color 176
51 0 102 color 177
51 0 51 color 178
51 0 0 color 179
0 255 255 color 180
0 255 204 color 181
0 255 153 color 182
0 255 102 color 183
0 255 51 color 184
0 255 0 color 185
0 204 255 color 186
0 204 204 color 187
0 204 153 color 188
0 204 102 color 189
0 204 51 color 190
0 204 0 color 191
0 153 255 color 192
0 153 204 color 193
0 153 153 color 194
0 153 102 color 195
0 153 51 color 196
0 153 0 color 197
0 102 255 color 198
0 102 204 color 199
0 102 153 color 200
0 102 102 color 201
0 102 51 color 202
0 102 0 color 203
0 51 255 color 204
0 51 204 color 205
0 51 153 color 206
0 51 102 color 207
0 51 51 color 208
0 51 0 color 209
0 0 255 color 210
0 0 204 color 211
0 0 153 color 212
0 0 102 color 213
0 0 51 color 214
238 0 0 color 215
221 0 0 color 216
187 0 0 color 217
170 0 0 color 218
136 0 0 color 219
119 0 0 color 220
85 0 0 color 221
68 0 0 color 222
34 0 0 color 223
17 0 0 color 224
0 238 0 color 225
0 221 0 color 226
0 187 0 color 227
0 170 0 color 228
0 136 0 color 229
0 119 0 color 230
0 85 0 color 231
0 68 0 color 232
0 34 0 color 233
0 17 0 color 234
0 0 238 color 235
0 0 221 color 236
0 0 187 color 237
0 0 170 color 238
0 0 136 color 239
0 0 119 color 240
0 0 85 color 241
0 0 68 color 242
0 0 34 color 243
0 0 17 color 244
238 238 238 color 245
221 221 221 color 246
187 187 187 color 247
170 170 170 color 248
136 136 136 color 249
119 119 119 color 250
85 85 85 color 251
68 68 68 color 252
34 34 34 color 253
17 17 17 color 254
0 0 0 color 255
